16
230
171
255
49
67
72
15
132
117
2
3
192
172
129
223
168
107
86
95
175
151
12
160
155
73
195
254
149
122
41
93
54
189
70
134
182
163
76
24
235
37
96
6
68
111
33
113
154
13
199
89
79
184
176
116
62
251
156
139
210
5
8
193
198
141
221
239
178
186
44
74
214
34
200
31
4
231
18
45
237
28
22
236
137
39
233
227
82
212
133
173
17
36
115
228
145
64
80
150
188
217
206
19
136
38
97
138
181
123
91
65
131
161
152
32
105
147
104
232
52
88
87
203
243
194
66
125
100
242
128
135
110
169
58
103
174
59
164
183
78
224
23
252
109
25
140
248
124
177
9
94
127
55
225
30
250
10
179
202
240
158
40
165
106
247
75
90
144
246
85
69
226
208
159
153
126
11
209
218
120
207
196
51
215
46
216
53
143
118
241
7
48
101
26
130
27
170
148
29
204
201
187
245
244
98
20
197
249
57
77
1
119
121
114
191
92
213
234
0
142
219
211
185
102
166
14
83
146
47
63
56
253
60
229
84
61
43
35
108
190
50
81
222
112
21
238
180
167
99
157
42
220
205
71
162
